13852836461
16620168571
18017375637
15000603368
15277709302
13837156337
13938584150
15537308505
17605961072
19916595134
17610877013
18700878759
15776571460
17748789039
15383738996
17895943372
15801291823
17679119046
17671750183
15366216685
13205406219
18822127544
13936931760
16605690262
17630700855
18062870793
15602388926
18700878759
15978196395
18775317945
17671288905
17638257276
13612348224
15810652336
17633883882
17710093949
17854258757
15854785314
18031767807
18505677025
13787416807
13572248299
13537718467
15770879961
13098172125
17321917510
13647389051
15889091712
15919481715
18243181540
15567675592
17830025808
13075569139
17806285258
15328076003
17661195396
15822098142
13621233248
18320989380
17368471028
13032895279
13439118288
18908061639
13761414771
18602103563
18105985066
15618721343
18899539573
13041617546
15527418028
17520404630
15057131947
13207860914
13811596946
17551035107
18282628642
15397880739
15232504906
18990171628
13811543256
18271656979
17361575820
15879739061
18600016226
15863791529
17610985606
13012497976
18011959921
13599072816
18302829162
15127396699
18548138613
18911992965
15934514901
17603391949
18210179117
18696787005
18961268163
18813186998
13825550148
18616007655
13512140021
16619964492
17373152953
13581554183
15623147626
13242946115
18206767480
13628626544
13574601256
18501319769
13570911854
18089623806
19974222971
18911992965
13961631121
19986188511
19199248858
18180845283
18600426014
18911219358
13699281865
13818406991
18666982459
18850526917
18701771367
13402572305
13771961526
18753258909
18126009672
13175142405
18686504268
17321219400
13488849444
13691499043
13811858382
13331215823
13141401133
15100326203
18211153894
17611100746
13716625060
17778139980
17301228020
13514576201
18510025993
18341676581
13703933231
13269887196
13139693298
18310537380
13452928449
13795278854
18643111890
18634834520
13811803767
15919282447
13848976072
18190596063
18211308629
18952726052
15171876665
13551970819
18351003638
15971552873
15210585352
18335603568
19874960298
15996382148
13146970392
15827437753
18813026343
13866567631
13335585989
15810808358
17600525295
15902091019
18510409561
18479685120
18834478096
13427504582
13829508977
19987190556
13940071346
18587924569
13618370904
19175650202
17771458741
13671866006
13294096977
18210565172
13121401944
18177880180
18271899592
17602018465
13070828623
17647689912
17756614661
13521693212
18516262386
15737204769
18200133611
13807839484
17778298093
13632258139
18948789980
17785301890
18917632451
13866762778
15207967234
15187706120
13160884709
15396208608
18338123020
18151130030
13892889429
18745040484
13319255969
15801153308
13367487173
15800825337
17683288632
18630429386
15980609405
13922749637
18601015007
13124081913
18569605717
13627123758
13876457944
13359707473
15830900798
18105852582
18180053005
18612598728
17612201247
17600117955
13552574251
18980010241
13427151514
13419552029
13529598165
18669755090
15750804859
18180544829
15015510015
13708512149
18803566171
18825259160
15295809570
18991108683
13166783876
18575517264
18576614013
18591983420
13669682892
13199535929
18745732962
18548904961
15721765772
18623779646
13193847017
13595217004
15384640607
17688208692
13160767303
18907183510
15026685944
13238881390
15285928023
18611661144
13453469297
17608018745
17610136261
18301322261
17785105689
13898530775
18874078427
15938476657
13682179648
13355018626
18511033758
15501132676
13301768578
13276967969
15972189795
14708251403
13048039798
18680146797
15902934910
18201587853
13655690682
15032275120
18297389930
13467231046
15906628733
15942437599
17621977330
18980906662
13797074349
18258826930
18613857932
18819375980
18515580317
13591193212
15637643515
15330010722
18310084354
18701598283
18585079819
17721266429
15670893654
17828181795
13311261700
15522022282
13580540032
15286407815
18077194115
13910952239
13823342929
13917195295
15367783189
